Short
Mediterranean_Avenue
0.0426
0.0853
0.2131
0.6394
1.9182
3.4102
5.3284
Baltic_Avenue
0.0865
0.1730
0.4325
1.2974
3.8923
6.9197
9.7308
Oriental_Avenue
0.1357
0.2715
0.6786
2.0359
6.1078
9.0486
12.4418
Vermont_Avenue
0.1393
0.2785
0.6963
2.0889
6.2666
9.2839
12.7653
Connecticut_Avenue
0.1840
0.3681
0.9201
2.3003
6.9010
10.3515
13.8020
St._Charles_Place
0.2702
0.5403
1.3508
4.0525
12.1575
16.8854
20.2624
States_Avenue
0.2372
0.4744
1.1860
3.5581
10.6744
14.8256
17.7907
Virginia_Avenue
0.2958
0.5916
1.4789
4.4368
12.3245
17.2542
22.1840
St._James_Place
0.3909
0.7819
1.9547
5.5848
15.3583
20.9431
26.5279
Tennessee_Avenue
0.4110
0.8220
2.0549
5.8712
16.1457
22.0169
27.8880
New_York_Avenue
0.4936
0.9873
2.4681
6.7874
18.5110
24.6814
30.8517
Kentucky_Avenue
0.5105
1.0209
2.5523
7.0896
19.8509
24.8137
29.7764
Indiana_Avenue
0.4924
0.9848
2.4621
6.8392
19.1498
23.9373
28.7248
Illinois_Avenue
0.6372
1.2743
3.1858
9.5573
23.8932
29.4683
35.0434
Atlantic_Avenue
0.5956
1.1912
2.9779
8.9338
21.6576
26.3952
31.1328
Ventnor_Avenue
0.5893
1.1787
2.9467
8.8402
21.4309
26.1189
30.8069
Marvin_Gardens
0.6207
1.2413
3.1033
9.3098
21.9814
26.5070
31.0326
Pacific_Avenue
0.6961
1.3922
3.4806
10.4417
24.0963
29.4511
34.1365
North_Carolina_Avenue
0.6825
1.3651
3.4127
10.2382
23.6266
28.8769
33.4710
Pennsylvania_Avenue
0.7002
1.4004
3.7509
11.2528
25.0063
30.0075
35.0088
Park_Place
0.7652
1.5305
3.8262
10.9320
24.0504
28.4232
32.7960
Boardwalk
1.3130
2.6260
5.2519
15.7558
36.7635
44.6414
52.5193
Reading_RailRoad
0.8130
1.6261
3.2521
6.5043
Pennsylvania_RailRoad
0.8021
1.6041
3.2083
6.4165
B&O_RailRoad
0.8538
1.7076
3.4152
6.8304
Short_Line
0.6082
1.2163
2.4326
4.8653
Electric_Company
0.7189
1.7972
Water_Works
0.7939
1.9849

Long
Mediterranean_Avenue
0.0401
0.0803
0.2007
0.6022
1.8066
3.2117
5.0183
Baltic_Avenue
0.0815
0.1630
0.4074
1.2221
3.6664
6.5181
9.1661
Oriental_Avenue
0.1279
0.2558
0.6395
1.9185
5.7556
8.5268
11.7243
Vermont_Avenue
0.1312
0.2625
0.6562
1.9686
5.9058
8.7494
12.0304
Connecticut_Avenue
0.1734
0.3469
0.8672
2.1680
6.5041
9.7561
13.0082
St._Charles_Place
0.2556
0.5112
1.2780
3.8339
11.5018
15.9747
19.1697
States_Avenue
0.2174
0.4348
1.0870
3.2611
9.7833
13.5879
16.3054
Virginia_Avenue
0.2911
0.5821
1.4553
4.3660
12.1277
16.9788
21.8298
St._James_Place
0.3752
0.7505
1.8761
5.3604
14.7411
20.1015
25.4619
Tennessee_Avenue
0.3949
0.7899
1.9747
5.6421
15.5157
21.1578
26.7999
New_York_Avenue
0.4499
0.8998
2.2494
6.1859
16.8707
22.4942
28.1178
Kentucky_Avenue
0.4706
0.9411
2.3528
6.5356
18.2998
22.8748
27.4497
Indiana_Avenue
0.4621
0.9241
2.3104
6.4177
17.9696
22.4620
26.9544
Illinois_Avenue
0.5986
1.1972
2.9929
8.9788
22.4470
27.6846
32.9223
Atlantic_Avenue
0.5581
1.1163
2.7907
8.3721
20.2960
24.7357
29.1754
Ventnor_Avenue
0.5542
1.1084
2.7710
8.3131
20.1530
24.5615
28.9700
Marvin_Gardens
0.5852
1.1703
2.9258
8.7773
20.7241
24.9909
29.2576
Pacific_Avenue
0.6561
1.3123
3.2807
9.8422
22.7127
27.7600
32.1764
North_Carolina_Avenue
0.6427
1.2855
3.2137
9.6412
22.2490
27.1933
31.5195
Pennsylvania_Avenue
0.6589
1.3177
3.5296
10.5889
23.5308
28.2370
32.9431
Park_Place
0.7208
1.4417
3.6042
10.2976
22.6547
26.7738
30.8928
Boardwalk
1.2416
2.4832
4.9664
14.8992
34.7647
42.2143
49.6639
Reading_RailRoad
0.7682
1.5365
3.0730
6.1459
Pennsylvania_RailRoad
0.7268
1.4535
2.9070
5.8140
B&O_RailRoad
0.8103
1.6207
3.2413
6.4827
Short_Line
0.5726
1.1453
2.2906
4.5811
Electric_Company
0.6903
1.7258
Water_Works
0.7507
1.8768
